0000000000000000000000000000000
I                0            0
000 00 00 0000 0 0 0 00000000 0
000 0000000000 0 0 0 00000000 0
000 000     00 0 0 0 00    00 0
000 000 000 00 0 0 0 00 00 00 0
000 000 000 00 0   0 00 00 00 0
000 000 000 00000000    00 00 0
000      00      000000000 00 0
0   0000 00000 0000000     0  0
000 0000 00000 0000    000 0000
000 0000 00000    0000 000    E
000      0     00      00000000
0000000000000000000000000000000

Start: 2,1
Finish: 12,31
Shortest way:  => 2,1 => 2,2 => 2,3 => 2,4 => 3,4 => 4,4 => 5,4 => 6,4 => 7,4 => 8,4 => 9,4 => 9,5 => 9,6 => 9,7 => 9,8 => 8,8 => 7,8 => 6,8 => 5,8 => 5,9 => 5,10 => 5,11 => 5,12 => 6,12 => 7,12 => 8,12 => 9,12 => 9,13 => 9,14 => 9,15 => 10,15 => 11,15 => 12,15 => 12,16 => 12,17 => 12,18 => 13,18 => 13,19 => 13,20 => 13,21 => 13,22 => 13,23 => 12,23 => 11,23 => 10,23 => 10,24 => 10,25 => 10,26 => 10,27 => 11,27 => 12,27 => 12,28 => 12,29 => 12,30 => 12,31

0000000000000000000000000000000
@@@@             0            0
000@00 00 0000 0 0 0 00000000 0
000@0000000000 0 0 0 00000000 0
000@000@@@@@00 0 0 0 00    00 0
000@000@000@00 0 0 0 00 00 00 0
000@000@000@00 0   0 00 00 00 0
000@000@000@00000000    00 00 0
000@@@@@ 00@@@@  000000000 00 0
0   0000 00000@0000000@@@@@0  0
000 0000 00000@0000   @000@0000
000 0000 00000@@@@0000@000@@@@E
000      0     00@@@@@@00000000
0000000000000000000000000000000
